StartChar: Q
Encoding: 81 81 44
Width: 1024
VWidth: 0
Flags: W
HStem: -400 145.845<756.98 1021.68> 1278 146<438.697 712.81>
VStem: 112 158<344.955 1071.4> 513.034 157.242<-160.764 -6.8675> 882 158<337.914 1063.46>
LayerCount: 5
Back
SplineSet
671 -11 m 5
 673 -61.2941176471 680.688794844 -128.882132318 714 -182 c 4
 745.095744681 -225.346938776 791.319148936 -254 872 -254 c 0
 920 -254 972 -246 1024 -237 c 1
 1024 -385 l 1
 973 -394 922 -400 872 -400 c 0
 724 -400 627.467929223 -333.316004496 573 -241 c 0
 525 -159.64628821 515 -73.2707423581 513 -11 c 1
 671 -11 l 5
270 704 m 0
 270 593 271.447306787 486.435668178 293 395 c 0
 326 255 412 130 576 130 c 0
 740 130 828.444818221 254.446163815 859 395 c 0
 879 487 882 593 882 704 c 0
 882 815 880.600264229 921.362515392 859 1013 c 0
 826 1153 740 1278 576 1278 c 0
 412 1278 322.091491898 1153.86406603 293 1013 c 0
 274 921 270 815 270 704 c 0
112 704 m 0
 112 831 114.721062735 949.820664226 140 1053 c 0
 189 1253 331 1424 576 1424 c 0
 821 1424 961.602311732 1252.65238044 1012 1053 c 0
 1038 950 1040 831 1040 704 c 0
 1040 577 1037.27893726 458.179335774 1012 355 c 0
 963 155 821 -16 576 -16 c 0
 331 -16 190.397688268 155.347619555 140 355 c 0
 114 458 112 577 112 704 c 0
EndSplineSet
Fore
SplineSet
576 1424 m 0
 821 1424 961.602311732 1252.65238044 1012 1053 c 0
 1038 950 1040 831 1040 704 c 0
 1040 577 1037.27893726 458.179335774 1012 355 c 0
 969.664463632 182.201892373 857.906319815 31.0516945965 670.276055004 -6.8675009891 c 1
 672.466780107 -54.6055907838 679.585581314 -116.978525053 710.655273438 -165.571289062 c 0
 744.754654255 -218.902463329 795.442923039 -254.155273438 883.916992188 -254.155273438 c 0
 928.153731497 -254.155273438 976.076865748 -246.92365579 1024 -238.788085938 c 1
 1024 -385 l 1
 973 -394 922 -400 872 -400 c 0
 724 -400 627.467929223 -333.316004496 573 -241 c 0
 525.263125346 -160.0922512 515.110777457 -74.2175745933 513.033616807 -12.026231406 c 1
 306.678645642 14.7354274915 185.910649155 173.12319758 140 355 c 0
 114 458 112 577 112 704 c 0
 112 831 114.721062735 949.820664226 140 1053 c 0
 189 1253 331 1424 576 1424 c 0
576 1278 m 0
 412 1278 322.091491898 1153.86406603 293 1013 c 0
 274 921 270 815 270 704 c 0
 270 593 271.447306787 486.435668178 293 395 c 0
 326 255 412 130 576 130 c 0
 740 130 828.444818221 254.446163815 859 395 c 0
 879 487 882 593 882 704 c 0
 882 815 880.600264229 921.362515392 859 1013 c 0
 826 1153 740 1278 576 1278 c 0
EndSplineSet
Validated: 1
Layer: 2
Layer: 3
Layer: 4
EndChar
