StartChar: summation
Encoding: 8721 8721 584
Width: 1024
VWidth: 0
Flags: W
HStem: 0 120<421 1024> 1288 120<421 1024>
DStem2: 421 1278 256 1316 0.517395 -0.855746<0 591.434> 256 92 421 130 0.517395 0.855746<117.889 709.322>
LayerCount: 5
Back
Fore
Refer: 542 931 N 1 0 0 1 0 0 2
Validated: 1
Layer: 2
Layer: 3
Layer: 4
EndChar
